26
-4288374 7502149 9832397
9048083 7572088 -1880240
5404174 -8457015 -7698803
-1307132 -3328793 -1204931
8414349 -9766298 -6561938
5177915 6698044 -5787832
-4140669 3873244 5905336
-3636695 -6723689 7967904
-848149 -2788948 -6773788
8377893 -6838132 6113285
908858 -1126507 3615434
741256 -2078423 1187522
8861015 -6674249 2730506
-8837788 2018618 9401713
-42719 432968 9635415
3395342 -4389116 6333460
7607510 1470215 206705
3512846 7833519 3483015
1480751 -3014629 -9305932
4706962 -4636736 -6144064
820248 6272122 2729428
-5564318 -2986622 -9348994
5623203 -4125607 -6023244
-1646290 -2963395 5995374
-2244576 6993885 -3571657
-2609161 389228 2039226
